g7 365,378,437,451 325,393,398,465 340,407,412,480
g7 365,378,451,437 311,392,464,508 297,378,451,494
g7 365,437,378,451 325,398,406,479 340,412,421,493
g7 365,378,451,437 324,392,411,479 339,406,426,493
g7 365,378,437,451 339,406,426,493 353,421,440,508
g7 365,378,437,451 339,406,411,479 353,421,426,493
g7 365,437,378,451 339,411,420,492 353,426,434,507
g7 378,365,437,451 339,420,426,507 353,434,440,521
g7 365,378,437,451 325,420,478,521 312,406,464,508
g7 365,378,437,451 339,406,426,518 353,421,440,533
g7 365,378,437,451 324,392,426,518 339,406,440,533
g7 365,378,437,451 311,392,508,518 297,378,494,505
g7 365,437,378,451 297,370,392,518 312,384,406,533
g7 365,378,437,451 311,392,398,479 325,406,412,493
g7 365,378,437,451 297,392,464,508 284,378,451,494
g7 365,378,437,451 325,406,464,508 312,393,451,494
g7 365,378,437,451 339,406,464,508 325,393,451,494
g7 378,365,437,451 339,406,426,493 353,421,440,508
g7 365,378,451,437 339,406,411,479 353,421,426,493
g7 365,451,378,437 339,411,420,492 353,426,434,507
g7 365,437,378,451 325,398,420,492 340,412,434,507
g7 365,378,437,451 325,393,494,505 312,379,481,491
g7 378,365,437,451 339,406,426,518 353,421,440,533
g7 365,378,437,451 324,392,508,518 311,378,494,505
g7 365,378,437,451 339,406,508,518 325,393,494,505
g7 365,437,378,451 297,370,392,508 284,356,378,494
g7 365,378,451,437 297,392,464,508 284,378,451,494
g7 365,378,451,437 325,406,464,508 312,393,451,494
g7 365,378,451,437 339,406,464,508 325,393,451,494
g7 365,378,437,451 324,392,464,508 311,378,451,494
g7 378,365,437,451 339,406,411,479 353,421,426,493
g7 378,437,365,451 339,411,420,492 353,426,434,507
g7 365,378,437,451 339,420,478,521 325,406,464,508
g7 365,378,437,451 325,393,398,519 340,407,412,534
g7 365,378,437,451 325,393,494,518 312,379,481,505
g7 365,378,437,451 325,393,398,518 340,407,412,533
g7 378,365,437,451 339,406,508,518 325,393,494,505
g7 365,378,437,451 311,392,464,508 297,378,451,494
g7 365,437,378,451 297,370,392,464 312,384,406,479
g7 365,378,437,451 324,392,411,479 339,406,426,493
g7 378,365,437,451 339,406,464,508 325,393,451,494
g7 365,378,451,437 324,392,464,508 311,378,451,494
g7 365,378,437,451 324,392,426,493 339,406,440,508
g7 365,378,437,451 339,420,426,507 353,434,440,521
g7 378,365,437,451 339,420,478,521 325,406,464,508
g7 365,437,378,451 325,398,406,518 340,412,421,533
g7 365,378,437,451 325,406,508,518 312,393,494,505
g7 365,378,437,451 311,392,398,518 325,406,412,533
g7 365,378,437,451 297,392,508,518 284,378,494,505
n2 340,365,367,437 270,392,410,454 -
n2 340,367,365,437 270,381,392,425 -
n2 340,367,365,437 270,381,392,439 -
n2 340,367,365,437 270,381,392,454 -
n2 340,365,367,437 284,392,410,454 -
n2 340,378,380,451 270,324,422,465 -
n2 340,367,365,437 284,381,392,425 -
n2 340,378,367,451 270,351,395,492 -
n2 340,378,367,451 270,351,395,507 -
n2 340,378,367,451 270,351,438,462 -
n2 340,378,380,451 270,324,422,480 -
n2 340,367,378,451 284,381,392,439 -
n2 340,367,451,378 270,395,438,449 -
n2 340,378,380,451 270,324,422,494 -
n2 340,378,367,451 270,351,395,521 -
n2 340,378,367,451 270,351,395,506 -
n2 340,378,367,451 270,395,438,492 -
n2 340,367,365,437 284,381,392,454 -
n2 340,380,378,451 270,324,378,451 -
n2 340,367,378,451 270,395,449,453 -
n2 340,378,367,451 270,351,395,520 -
n2 340,378,367,451 270,395,438,462 -
n2 340,378,367,451 270,395,438,519 -
n2 340,378,367,451 270,395,438,506 -
n2 340,367,365,437 270,338,435,479 -
n2 340,367,365,437 270,338,435,493 -
n2 340,378,367,451 270,351,395,519 -
n2 340,367,378,451 270,395,449,467 -
n2 340,378,380,451 270,324,435,479 -
n2 340,378,380,451 270,324,435,493 -
n2 340,367,378,451 270,425,435,479 -
n2 340,365,367,437 270,338,435,508 -
n2 340,378,380,451 270,324,435,508 -
n2 340,378,367,451 284,392,410,508 -
n2 340,378,367,451 270,392,410,518 -
n2 340,367,378,451 270,381,435,479 -
n2 340,378,367,451 270,435,439,493 -
n2 340,367,378,451 270,381,435,493 -
n2 340,367,378,451 270,425,449,492 -
n2 340,367,378,451 270,338,449,492 -
